%YAML:1.0
---
camera_matrix: !!opencv-matrix
   rows: 3
   cols: 3
   dt: d
   data: [ 1.5219078130584130e+03, 0., 1.0125610544797742e+03, 0.,
       1.5403450319241795e+03, 5.1712236530231849e+02, 0., 0., 1. ]
dist_coeff: !!opencv-matrix
   rows: 1
   cols: 5
   dt: d
   data: [ 1.5000071913165791e-01, -7.1706515887101563e-01,
       -1.1060399535840570e-02, 6.5639183872211017e-03,
       4.0880455987675894e+00 ]
